FILE src\cli\openclawCommands.ts
STATEMENTS 4, 5, 6, 36, 37, 38, 39, 40, 54, 55, 56, 57, 58, 64, 65
BRANCHES 35-40, 53-58

FILE src\integrations\openclaw\config.ts
STATEMENTS 29, 30, 31, 32, 33, 34, 35, 36, 37, 43, 51, 52, 53, 54, 55, 62, 63, 65, 66, 67, 68, 69, 70, 71, 72, 74, 75, 77, 78, 87, 88, 94, 95, 125
BRANCHES 27-37, 40, 42-44, 44, 50-55, 60-64, 64, 64-72, 73-78, 86-88, 93-95, 100, 109, 110, 111, 123, 124-125

FILE src\integrations\openclaw\dispatcher.ts
STATEMENTS 42, 43, 48, 49, 66, 67, 68, 69, 70, 71, 72, 73, 74, 90, 91, 92, 93, 94, 95, 100, 133, 134, 135, 136, 137, 138, 139, 140, 141, 142, 143, 159, 160, 161, 162, 163, 164, 165, 170, 193, 194, 195, 196, 197, 198, 199, 204, 228, 229, 230, 231, 232, 233, 234, 235, 236, 237, 238, 453, 454, 455, 456, 457, 458, 459, 460, 461, 483, 484, 485, 501, 502, 503, 518, 519, 520, 521, 522, 523, 524, 525, 526, 580, 581, 582
BRANCHES 41-43, 47-49, 63-65, 65-74, 89, 89-95, 99, 99-100, 103, 104, 105, 130-132, 132-143, 158, 158-165, 169, 169-170, 173, 174, 175, 192, 192-199, 203, 203-204, 207, 208, 209, 210, 210, 224, 227-238, 241, 242, 264, 310, 337, 365, 367, 396, 398, 439, 452, 452-461, 466, 480, 482-485, 492, 500-503, 511, 517-526, 543, 552, 579-582

FILE src\integrations\openclaw\errors.ts
STATEMENTS 41, 42, 53, 54
BRANCHES 26, 27, 79

FILE src\integrations\openclaw\gatewayAdapter.ts
STATEMENTS 24, 25, 26, 27, 90, 91, 172, 173, 225, 226, 248, 249, 250, 251, 252, 255, 256, 257, 258, 259, 260, 261, 262, 265
BRANCHES 23-27, 53, 73, 89-91, 171-173, 220, 224-226, 247-252, 254-262, 263-265

FILE src\integrations\openclaw\policyTranslator.ts
STATEMENTS 78, 80, 117, 118, 119, 126, 127, 151, 152, 325, 326
BRANCHES 48, 77-78, 79-80, 116-119, 125-127, 150-152, 204, 229, 252, 294, 311, 324, 324-326, 330

FILE src\server\routes\openclaw.ts
STATEMENTS 26, 27, 28, 29, 30, 31, 32, 36, 37, 38, 39, 40, 41, 42, 43, 44, 45, 46, 47, 48, 49, 50, 51, 52, 56, 57, 58, 59, 60, 61, 62, 63, 64, 65, 66, 67, 68, 69, 70, 71, 72
BRANCHES 25-32

